	Bayesian Skyline: ref_25_rpoB_KEV_combined.log			
Time	Mean	Median	Upper	Lower
2014.0	184764.99258723063	106249.64858683816	787824.063626217	30396.33710832923
1948.964335836019	184764.99258723063	106249.64858683816	787824.063626217	30396.33710832923
1883.928671672038	128572.59984396177	68328.00662687136	591253.8721080514	10152.399260064372
1818.893007508057	84010.15959404416	50582.44478750351	349734.7981237054	11509.059414223344
1753.857343344076	221786.2312660314	171343.44645584954	676566.781131103	31082.963171453695
1688.821679180095	337696.7429203165	287811.5718886581	906560.9862359095	64449.1603135499
1623.786015016114	416731.1475026407	359390.6997744617	1065702.6353147542	104111.271760281
1558.7503508521331	470159.2816274695	404372.6490400095	1185737.819102412	135334.43318401725
1493.7146866881521	509016.39731716056	435646.48184973537	1285481.9974060627	155573.73726348937
1428.6790225241712	538236.864343955	458823.2164187986	1367380.9295931014	167773.86294092634
1363.6433583601902	560401.8481684142	475611.70815367776	1434041.8612164934	176135.41181257763
1298.6076941962092	577760.5956432775	489010.74728175224	1486736.1775627143	181704.62858969357
1233.5720300322282	592242.2725843681	500368.19700628467	1532354.7954679588	185947.53988486662
1168.5363658682472	604236.7455466983	509316.9776315569	1572995.4055503835	188367.75448559417
1103.5007017042662	613947.9327534301	516407.29260850383	1607169.5838621373	190933.08143666646
1038.4650375402853	622750.1507134752	522770.70964241563	1639937.1101576723	192630.65219392363
973.4293733763044	630097.7335131397	527927.8533673689	1669246.6017811238	193632.85591875025
908.3937092123235	636505.7096682128	532484.5787253781	1697600.9567506886	194272.40108231036
843.3580450483427	642287.6948503806	537146.9845342673	1718506.423436076	194216.06808853618
778.3223808843618	647359.6666417136	540758.212653657	1739518.099733921	194393.25056618956
713.2867167203809	652047.5745135141	544463.2271047081	1756107.947104385	194447.6257347891
648.2510525564	656318.2634549276	547610.1095973236	1773489.55184054	194272.40108231036
583.2153883924192	660601.1051223028	550357.266012271	1790462.8117851184	193084.1525083327
518.1797242284383	664358.6121633382	553862.3163808268	1803545.987630306	191953.4778569347
453.14406006445745	667628.5409451701	556982.4713590298	1813063.8208477562	189683.7521287642
388.1083959004766	670646.6633983699	559437.3124145939	1824631.969223077	187239.4481490509
323.0727317364957	673699.1400014109	561757.1829164583	1836377.798674926	184960.5177383343
258.03706757251484	676474.5252075024	564153.2313342473	1848907.0353184473	181274.62577176784
193.00140340853395	678920.6392603825	566395.9909899797	1860369.2541751678	176604.3526636341
127.96573924455305	680665.2154891691	568211.1020654667	1867544.19581318	170240.60554949913
62.93007508057215	682534.7034642176	570395.6554927498	1874962.8643135126	162662.60468843652
-2.105589083408745	684127.870209486	571723.1097051476	1885239.240704949	156013.2986977731
-67.14125324738964	685330.1212300437	572715.1357243861	1893483.0341543532	148476.05081190044
-132.17691741137054	686254.0106010108	573773.4333695577	1902028.70197176	141075.63889283943
-197.21258157535144	686522.6370935217	573918.7945619298	1907210.4509525206	133311.3444694118
-262.24824573933233	686792.2146547211	574058.7860394774	1916415.6892646642	125314.77617428509
-327.2839099033132	686600.2814855145	574239.6684042825	1925699.1421016473	117732.38332968968
-392.31957406729407	686346.8561830395	574277.0744764417	1934395.8108082854	112468.59902531734
-457.35523823127494	685718.638118839	574069.5822466774	1940877.9183374434	107067.17602950275
-522.3909023952558	684425.3983809382	573097.2614885139	1947674.2637478495	102193.64475103382
-587.4265665592367	682824.34991934	571637.2016282885	1954350.3936387384	97655.90381200743
-652.4622307232175	680630.5915910741	569585.7683123922	1958850.1180661044	93595.11482816443
-717.4978948871984	678551.4514747271	567153.9219927411	1968992.4385999201	90441.27633328049
-782.5335590511793	676462.4313613597	565243.7343865657	1973446.8098308041	87622.69519558181
-847.5692232151602	673630.2958854567	562643.9744221994	1976480.3481147217	84675.77795297603
-912.604887379141	670779.8222228246	559595.3301652883	1979737.8621051977	81932.86292191975
-977.6405515431219	668381.2770658047	556679.5592821258	1988703.0228629878	79924.24284238681
-1042.6762157071028	665511.6425014875	552870.1266286052	1993874.530087018	77686.0541963339
-1107.7118798710837	662121.5108060465	548691.8445694589	1999011.3669409105	75076.62253265073
-1172.7475440350647	658304.0013022762	543920.8173091921	2000722.2724136917	73099.74663921277
-1237.7832081990457	654522.6032995067	539251.8550567697	2003970.1740033082	70789.18605927976
-1302.8188723630267	650886.5689743565	533692.7503115465	2009815.7934098844	68845.71112816832
-1367.8545365270077	646969.997233829	528583.393305523	2012075.1518775632	66789.87728256
-1432.8902006909886	642527.5586017645	522595.2443509739	2011356.5857488287	64694.803677509735
-1497.9258648549696	637994.9770505524	515745.3983475578	2013585.66871228	62392.95218508349
-1562.9615290189506	633570.9144875607	508875.7915450462	2014821.6037961838	59909.52426366925
-1627.9971931829316	628615.3757865381	501576.49883959437	2015375.9684332153	57927.14412046897
-1693.0328573469126	623963.3417326404	493646.41269529116	2017912.9165111373	56077.80795349537
-1758.0685215108936	619322.2635894823	486110.604367498	2018781.9165498305	54109.23171354048
-1823.1041856748745	614948.1670380541	478270.87227156165	2026253.0320351198	52118.842769836934
-1888.1398498388555	610171.2946465123	469801.6837904644	2029386.9994358001	49879.374886707505
-1953.1755140028365	605490.0598172634	460538.11805509654	2032114.004730376	47945.12025007806
-2018.2111781668175	600576.7052821337	451387.4348757942	2037136.4140575791	45941.63021013962
-2083.2468423307982	595389.4350386789	441981.64548383973	2038509.5314277178	43706.67326293868
-2148.282506494779	589822.774480268	432327.3824120185	2034905.3901277701	41927.836118597734
-2213.31817065876	584421.6622586624	422248.9689144994	2036845.1195546237	40075.7502312689
-2278.353834822741	578800.7392552963	411840.0369649364	2037136.4140575791	37794.865943030665
-2343.389498986722	573326.3387907704	401843.09396467754	2036793.9299093455	35875.0415085094
-2408.425163150703	568095.9471818261	391980.14741068723	2036065.7238495934	34238.52619112268
-2473.460827314684	562922.5573223836	382887.42984087864	2034530.9224902636	32271.77721092371
-2538.496491478665	557359.1550568157	372640.84562575293	2035353.912134293	30643.57423238696
-2603.532155642646	551635.2519896242	363314.28386342403	2033881.3604642649	28672.518460564264
-2668.567819806627	546372.2970848151	355112.30362482864	2032528.8208282543	27137.878819302434
-2733.603483970608	541222.3463812056	346304.6404060997	2030506.3240635167	25705.242056644143
-2798.639148134589	535702.7537309044	338493.31605713593	2030967.108750062	24482.371572701573
-2863.67481229857	530593.8967412758	330841.3339583422	2031582.2214591717	23349.326053822544
-2928.710476462551	525369.3216379563	323388.6457690189	2029399.1007346925	22040.875387773543
-2993.746140626532	520096.4049375249	316796.0376322999	2028784.6300385727	20758.419861774615
-3058.781804790513	514644.4387052341	309607.82343919255	2028166.9712256847	19775.162178494884
-3123.817468954494	509526.3299263598	303017.2075645367	2025997.620679538	18694.22327394232
-3188.853133118475	504695.1084816093	297435.0734665911	2025316.4770535321	17722.562048860356
-3253.888797282456	499654.50610237604	292100.8278837367	2023656.3226889805	16861.36898325168
-3318.924461446437	495143.4557747543	287007.8573931787	2022027.1609157603	15998.639767774923
-3383.960125610418	490012.33197816816	282076.9545016603	2018739.0529898994	15150.575208613129
-3448.995789774399	485105.9752281448	277258.13477784325	2018333.2901794685	14567.904193392735
-3514.03145393838	479854.10936596664	272604.09621976933	2009576.4431694176	13959.130742680496
-3579.067118102361	474658.6749399582	268137.5457717788	2005299.6856486828	13388.550521710284
-3644.102782266342	469697.4953347113	263777.5457789985	2001976.2572840834	12896.625901567992
-3709.138446430323	465139.2886210111	259708.17462328234	1999370.2099170196	12338.663663838892
-3774.174110594304	459826.6642029497	255508.23988463997	1995386.5769624992	11679.843010872717
-3839.2097747582848	454886.9162298196	251618.73423046776	1989736.9048161115	11189.161450513922
-3904.2454389222657	449809.08477615495	247432.56535958702	1984461.8459014676	10661.229680151228
-3969.2811030862467	445226.4956037325	243981.1618834628	1977826.9442262664	10127.207002949859
-4034.3167672502277	440375.9551118986	239889.82529536478	1975550.6716890705	9687.69648686172
-4099.352431414209	435465.8874639733	236168.04686312925	1971653.135013122	9242.653057860023
-4164.38809557819	430454.2704558858	232524.47908892736	1961908.5573526635	8681.053071267475
-4229.423759742171	425690.83352730155	229305.0724347123	1954056.4579660965	8278.624086639456
-4294.459423906152	421096.5571156358	225568.7015161887	1950993.065886274	7837.800867592865
-4359.495088070133	416525.6116019755	222259.89420624403	1945692.2903604773	7422.324715701147
-4424.530752234114	NaN	NaN	NaN	NaN
