	Bayesian Skyline: ref_25_merA_AQT_combined.log			
Time	Mean	Median	Upper	Lower
2010.0	30530.158743875527	13181.753180476016	155509.28331915895	2029.0531066157885
2003.7118892026408	30528.950444182854	13181.06774956471	155509.28331915895	2029.0661596558232
1997.4237784052816	30530.09561604261	13181.61424451257	155509.28331915895	2031.4642652444165
1991.1356676079224	30531.914092357263	13182.829966678823	155509.28331915895	2046.7568512864798
1984.8475568105632	30531.352443736083	13182.829966678823	155501.40905817694	2058.682815103117
1978.559446013204	30523.87884504118	13183.933579952574	155352.39630836234	2074.7126105160937
1972.2713352158448	30518.328932662032	13181.506277593122	155279.87953705445	2100.5356074364454
1965.9832244184856	30512.920292570638	13178.463883571365	155245.63847961565	2124.1737643687134
1959.6951136211264	30502.74778044409	13177.747670013525	155073.89704588638	2147.5751001852555
1953.4070028237672	30492.815857902744	13176.274073052264	155031.8666945016	2174.742021921475
1947.118892026408	30471.01601949633	13164.937988641163	154874.24110290938	2198.447230898149
1940.8307812290489	30439.505734516428	13153.999544452066	154684.87763727474	2218.4386110643572
1934.5426704316897	30410.852046385902	13140.364076320653	154484.27552238214	2233.534840813007
1928.2545596343305	30217.53241163667	13035.836114349777	153538.23929527527	2275.4129002373907
1921.9664488369713	29078.73752427913	12371.282707635408	148346.0020848541	2048.6729591310313
1915.678338039612	27469.57640619047	11449.779488988788	140591.433673747	1744.070143085887
1909.3902272422529	25679.572172211974	10435.440977747927	131791.26314069246	1558.611155838826
1903.1021164448937	23957.798030325852	9451.625578351546	123419.97654364919	1458.5810637881311
1896.8140056475345	22528.224515008143	8612.05627038476	116677.72772642075	1387.591802388185
1890.5258948501753	21226.597444509654	7940.684112270514	110933.36931298746	1349.4370146888168
1884.237784052816	20106.82805642095	7419.985901348218	104685.58802224864	1320.9368632275537
1877.949673255457	19075.305108506465	6996.759775964103	98557.39510107056	1286.95821401744
1871.6615624580977	18274.81791703907	6691.923772111165	93622.58081477071	1281.8390272719923
1865.3734516607385	17495.260085905582	6456.165490448586	88321.38582353598	1274.464499517397
1859.0853408633793	16860.246588043385	6278.613780551583	84025.97557461385	1266.6637733369091
1852.7972300660201	16138.21010727079	6142.019346363372	80559.58499651568	1253.8122572334971
1846.509119268661	15634.892056704459	6036.387570643194	77703.19134525477	1243.3453533051336
1840.2210084713017	15309.47504597184	5964.934841355477	75066.81909499042	1230.1273830027446
1833.9328976739425	15087.626046374333	5909.984042835466	73298.08259217374	1223.214053195797
1827.6447868765833	14930.858752990987	5893.570272757912	71737.45627810979	1218.407891847564
1821.3566760792241	14814.157544164409	5897.907468311597	70604.30706193978	1209.812456517702
1815.068565281865	14722.17151821348	5924.139816609071	69511.86080498103	1211.7634399559915
1808.7804544845058	14715.055706008912	5963.632966909325	68344.72963337458	1222.2465238138286
1802.4923436871466	14744.0190675664	6026.358076517999	67891.4246034268	1226.7446825104473
1796.2042328897874	14774.181131244544	6110.3218213595865	66954.82884390884	1231.4581379322476
1789.9161220924282	14843.857365198644	6227.029216673836	66886.5335844304	1240.4358480068795
1783.628011295069	14965.62159324739	6369.629008325084	66250.26848201275	1264.638491830548
1777.3399004977098	15129.086359531326	6539.85948906381	66417.1960104308	1297.9698025432078
1771.0517897003506	15262.453659436256	6699.808013315693	66427.09202978069	1330.3337579861204
1764.7636789029914	15441.263823256057	6878.035860346735	66818.26510815587	1368.7482646932008
1758.4755681056322	15597.941842351916	7066.285861844484	67281.9118775939	1411.2063045114742
1752.187457308273	15682.757393084024	7224.492789316184	67942.29502740104	1247.540006577858
1745.8993465109138	15540.822773638292	7078.298928847949	68232.53255006987	942.5130089949474
1739.6112357135546	15250.784400454202	6764.287189220299	68083.78816944982	818.6578875442306
1733.3231249161954	14939.97361810336	6397.762569429422	67715.5931155244	758.6739777988486
1727.0350141188362	14619.07805885005	6061.760231699395	67276.13816833512	719.3921551281131
1720.746903321477	14306.074526910359	5788.2904782736	66205.22881758095	701.3354089561551
1714.4587925241178	14035.909061764272	5566.466504207443	65662.3450094567	678.0760392669746
1708.1706817267586	13783.343473265673	5411.166930986565	64843.36742417143	650.8376728067533
1701.8825709293994	13566.793920612878	5297.112076224153	63918.725166185264	614.6984875639974
1695.5944601320402	13312.976826746488	5195.415895066182	62848.910939239504	589.060071612349
1689.306349334681	13105.939820186872	5112.69577730441	62167.82991752072	556.4438306277478
1683.0182385373218	12892.965082086868	5045.823371300697	60895.15992214109	534.5792279832418
1676.7301277399627	12678.414822215758	4975.348151715274	59487.07081643927	504.8287296952557
1670.4420169426035	12495.637537049803	4938.291637111162	57863.018132916244	478.9599243564994
1664.1539061452443	12352.81477733693	4875.77419942208	56977.69092512314	453.76326977123415
1657.865795347885	12200.643994640188	4827.393212359936	55774.54384559919	430.332679410279
1651.5776845505259	12050.841612227958	4770.715409862383	54729.138218794855	411.7026628677455
1645.2895737531667	11886.841784304097	4715.6272533033025	53928.14652720732	391.31466357155483
1639.0014629558075	11724.70392391646	4664.9297679152405	52767.503796707	371.9968940230714
1632.7133521584483	11563.242408422342	4612.691563290146	52258.854808023476	356.43001832602346
1626.425241361089	11442.407197110177	4559.58388905889	51938.861930362385	343.87371829518065
1620.13713056373	11323.94443144465	4505.1404763367955	51326.46075726416	329.67137448073765
1613.8490197663707	11215.31243716136	4452.634049248966	50625.896225458666	319.28562896402303
1607.5609089690115	11085.796266527603	4394.776705192998	49767.80935198225	304.84912913917435
1601.2727981716523	10977.55508096435	4342.936491324092	49501.64550340907	295.4919073716579
1594.9846873742931	10835.742294844018	4280.710726990781	49132.47273173915	289.0450124077464
1588.696576576934	10748.298044702831	4214.142273494727	48587.89936681213	278.9683983063196
1582.4084657795747	10625.740470610786	4136.688682848922	48073.94698567544	271.1642751913718
1576.1203549822155	10527.881376170406	4080.1166963925793	47649.566231926365	263.56039677055105
1569.8322441848563	10396.826287647222	4029.2509172078117	47307.1008240461	257.8172634034833
1563.5441333874971	10242.815719938813	3962.917597690296	46991.2643132851	251.38870459755086
1557.256022590138	10161.457163187177	3898.9116784638804	46654.02330951442	246.93817420802472
1550.9679117927788	10049.929928355252	3826.3593776029193	46231.80727861924	242.60612362478292
1544.6798009954196	9941.945173851052	3760.098018042738	46056.15993469009	237.0120130560801
1538.3916901980604	9863.06089102686	3699.952594859102	45624.57517656773	231.58478481263765
1532.1035794007012	9768.125095871888	3638.386410881469	45214.46455726703	229.01585985617558
1525.815468603342	9676.458740452315	3571.4654622334388	44958.69105226263	224.48280037871623
1519.5273578059828	9562.214230461837	3504.1527157867226	44600.35558486685	222.87525239773342
1513.2392470086236	9458.974772769776	3438.9131511195064	44487.74313035758	219.2817911274765
1506.9511362112644	9373.56540222674	3374.77847043576	44282.86822884715	215.8280540232097
1500.6630254139052	9278.080479348399	3311.4117283758783	44031.30128484449	212.79593208232174
1494.374914616546	9166.148684233523	3245.0503321896576	43600.42262092508	210.65497137282284
1488.0868038191868	9077.896513971413	3181.7267615915416	43469.227524290276	207.87816786334363
1481.7986930218276	8992.144680450885	3120.121745940881	43324.586832067405	205.65125618654343
1475.5105822244684	8913.767896578753	3048.680077663814	42927.25388685871	202.35787600558808
1469.2224714271092	8801.374451474532	2984.341539377947	42912.84265016113	199.20560778152216
1462.93436062975	8706.32016052168	2924.0918071796846	42867.146364572414	196.17599838481385
1456.6462498323908	8630.530245815009	2859.3235504828854	42803.1898134876	194.22105930860153
1450.3581390350316	8544.583230085052	2799.198169785905	42619.04294895353	190.8078106648956
1444.0700282376724	8458.963922135013	2734.740219704199	42451.91918792174	188.30252937925107
1437.7819174403132	8398.4091527189	2673.143608766779	42411.02244247232	186.20619673678218
1431.493806642954	8337.8408934511	2622.283571771855	42369.97787923088	182.8814896244274
1425.2056958455948	8280.727748068142	2570.3973068893597	42343.306888525745	180.2536386151037
1418.9175850482357	8165.283392430475	2518.0843867072313	42076.9855239996	176.78286192644822
1412.6294742508765	8087.630117747205	2468.65244975694	42054.14605181712	174.50338518660394
1406.3413634535173	8017.525544887446	2419.5879150260835	41919.49484520788	171.1776206375915
1400.053252656158	7939.990259447315	2366.81433681115	41714.96953924277	168.74232295663367
1393.7651418587989	7833.274551613551	2318.8346396186153	41549.46584064521	165.75431677256637
1387.4770310614397	7789.6821537180185	2267.6490269892593	41482.695078024924	163.4810921655307
