	Bayesian Skyline: ref_25_merA_LAH_combined.log			
Time	Mean	Median	Upper	Lower
2014.0	723165.0738121881	329226.62529748783	3790592.0059895995	29415.60370508742
2007.1854892330477	723165.363432811	329226.62529748783	3790592.0059895995	29710.107217788714
2000.3709784660955	722773.5018147465	328675.06125873356	3790592.0059895995	29710.107217788714
1993.5564676991432	721548.2308607248	327478.3079978225	3790592.0059895995	28415.73978742876
1986.741956932191	718959.3969613488	325302.54755299055	3763687.5517064664	26859.136694189878
1979.9274461652387	714538.3437345938	322542.1788521941	3763687.5517064664	20800.653581753355
1973.1129353982865	707201.1632283027	315927.1929390529	3735317.884953167	13974.286225536734
1966.2984246313342	695785.2652593104	307621.78382126935	3698937.9373341855	10293.89770942157
1959.483913864382	684709.9463776315	299806.1852150668	3660506.297402579	8165.096092181392
1952.6694030974297	672652.1269600426	290014.0968237545	3646652.545088808	6963.762620371772
1945.8548923304775	655894.3900197638	277602.54442771757	3620724.9320562407	6096.989215978516
1939.0403815635252	637424.124151402	263848.0295055791	3558724.6721286736	5514.263500508262
1932.225870796573	621525.8711803734	247561.75468351136	3504214.655204223	4762.277892398475
1925.4113600296207	604735.2413115058	232884.71253302743	3484755.154279673	4321.479696676946
1918.5968492626685	590298.0725019041	218603.07551545723	3467177.910028926	3950.445348609572
1911.7823384957162	575727.5873559936	201021.18458291635	3436385.308410102	3623.7202543749704
1904.967827728764	556152.1011132644	182591.42974298677	3369512.444285879	3405.0007200989908
1898.1533169618117	539295.5951068983	163119.3904003282	3303402.083664226	3057.9788774032336
1891.3388061948594	523158.2258612624	145877.6993295033	3210501.8863265193	2896.9955355279567
1884.5242954279072	507007.1869127833	127187.35489888226	3168404.9755394524	2808.296999278091
1877.709784660955	490913.78463800106	114460.80345840538	3123303.456361745	2591.62006021692
1870.8952738940027	474296.05235110666	100565.42407499818	3055577.1866959706	2434.7765650147317
1864.0807631270504	458232.08750420756	87752.78295598696	2984623.3932913435	2238.667311060077
1857.2662523600982	444074.2422365805	78634.42344877834	2915436.867854814	2121.013492361613
1850.451741593146	429104.8711620281	70355.43885025894	2839431.152328097	2001.7450208613268
1843.6372308261937	415730.50027360127	64444.79047408548	2804957.3358182297	1875.7064264139615
1836.8227200592414	403492.4935539136	60019.365168657154	2735642.26299344	1762.1683944554995
1830.0082092922892	391660.0385720366	56604.91624442127	2708204.7234338997	1694.5106317951956
1823.193698525337	379236.4916170906	53098.602371334346	2686165.374242145	1576.9620943927907
1816.3791877583847	368205.0665093102	50022.44677987149	2640187.270069053	1488.0854084165858
1809.5646769914324	354726.51180793834	47787.5716231352	2618656.540731024	1408.825535431786
1802.7501662244802	343953.2191856377	45456.07134468892	2577009.0506110764	1353.758096890017
1795.935655457528	331156.8870439769	43620.45457806754	2469841.8838396426	1270.639371303288
1789.1211446905756	321266.0712230346	42345.86156293333	2417063.2958381292	1269.6666176224642
1782.3066339236234	312180.0125517477	41138.2061833141	2399191.56981519	1189.6271103782467
1775.4921231566711	302095.93566456594	39468.4490725603	2324960.4507927	1156.649654221691
1768.677612389719	293532.44193856645	38537.60130495342	2273559.161906646	1067.9789176473137
1761.8631016227666	284683.06842932885	37619.595445967105	2252853.802811296	1021.5241232851397
1755.0485908558144	275581.38760815724	36494.372395111764	2186995.85952468	1014.2794766656551
1748.2340800888621	265384.6822337827	35494.48799898306	2148301.2456957926	998.2263715352339
1741.4195693219099	257287.91601530657	34568.50525884148	2086454.791375482	946.8312223337523
1734.6050585549576	248515.70987761472	33899.96097639887	2035848.6649558872	941.8301789306316
1727.7905477880054	239806.5000672962	32825.90646408811	1980224.2192068165	911.1186051129986
1720.9760370210531	233891.37577369032	32358.707005852844	1920966.925665828	871.490381534812
1714.1615262541009	225608.5190420446	31468.27012422082	1875009.9892455088	842.5902172859633
1707.3470154871486	219549.10865281627	30637.094608074192	1825171.3684934792	826.2621913754498
1700.5325047201964	214512.0267620053	30113.065886202356	1795507.987323429	815.9644985069676
1693.717993953244	209391.43115001265	29530.842558182456	1763080.8297024427	797.5803590952177
1686.9034831862919	204609.97487474245	28626.86864418953	1723172.504075501	788.8709350869951
1680.0889724193396	198394.22951827172	27798.526848115067	1675750.8359085356	748.31351977439
1673.2744616523873	194488.66578794978	27122.327762448054	1644507.5413976642	715.8961393484826
1666.459950885435	190300.56282668773	26390.68546743451	1617960.0156384835	699.1457004481881
1659.6454401184828	185952.69860863173	25812.23079446208	1571794.0149776815	683.8880353055246
1652.8309293515306	181112.56843035296	25117.990964087177	1555810.6306042355	673.3941195330776
1646.0164185845783	177490.88701238585	24555.173456972123	1535006.1769883463	659.0929539395987
1639.201907817626	173204.85926649612	23969.144109592078	1503836.790643756	644.390882166618
1632.3873970506738	169393.8121785953	23289.75356401014	1458930.986833656	627.7148313757165
1625.5728862837216	165128.1910871879	22718.49388278372	1408057.4872700411	628.5773405050428
1618.7583755167693	159389.7865455339	22060.736500417002	1347529.9650799418	614.7042779779629
1611.943864749817	155737.964410393	21708.992032772436	1318868.9680233004	605.9933169382634
1605.1293539828648	151540.5613318979	21277.788276841966	1280432.5958839955	598.8507458928925
1598.3148432159126	148087.69298633546	20702.147271374604	1247314.4495830492	592.2080198315797
1591.5003324489603	144727.77464528946	20320.926648904362	1200252.6749019327	581.102278544595
1584.685821682008	140575.81372914324	19859.21401131067	1151623.5056217636	572.8080466961521
1577.8713109150558	137765.65255599888	19575.623715423688	1121953.8272470988	566.9036262305816
1571.0568001481035	135409.10613633553	19215.536981115198	1101251.8511677664	558.1467321525479
1564.2422893811513	131620.88365358562	18857.920069232183	1067357.3054772643	547.4785944696137
1557.427778614199	127309.82097364597	18615.09186964374	1002638.4760199096	540.2131418723959
1550.6132678472468	125567.10434058393	18353.546229562093	986593.8422246063	540.2131418723959
1543.7987570802945	123498.87916968539	18008.40519282153	962028.9737615761	530.0356365794645
1536.9842463133423	122138.84587734792	17782.02787528715	940226.5127098477	529.4133800613957
1530.16973554639	120093.35549140564	17521.53033450695	924630.0988355823	525.0228615257081
1523.3552247794378	117645.48531836868	17273.218898027975	877410.3650949235	518.3879938796995
1516.5407140124855	115311.15816189298	17016.27185547353	830527.7883211741	516.3055976096906
1509.7262032455333	112792.80764889537	16781.009433340314	792017.2067190257	506.9730376465745
1502.911692478581	110262.49032232566	16556.167937933096	755288.1036716024	501.82994093916096
1496.0971817116288	107178.81780999452	16208.685618572727	701813.3935151855	493.25831927630287
1489.2826709446765	105034.40485151665	16033.63520436678	687914.5695480778	493.25831927630287
1482.4681601777243	103615.97523965056	15831.993250868378	655178.0805406226	487.14453626194023
1475.653649410772	101804.98733950488	15780.590463052678	638618.182967155	480.7220960561141
1468.8391386438198	99479.94497915186	15609.51793050714	601267.0585666088	476.99673090196893
1462.0246278768675	98419.87795035445	15476.06360114408	592135.6377598967	470.2529988130689
1455.2101171099152	95634.0591950814	15227.398208238907	567956.3904331842	463.6809594363748
1448.395606342963	93097.01859530853	15084.061638405197	539089.95272569	457.1968872645309
1441.5810955760107	91776.9042319203	14921.624820540539	528908.6233657788	454.31044080276575
1434.7665848090585	90330.23102241762	14689.21829818627	515537.8974831274	447.5561950930428
1427.9520740421062	89328.92435804766	14503.222629639693	496227.4925928322	439.3258228993478
1421.137563275154	86451.17398587649	14352.68302368563	475871.371944387	437.90804429533995
1414.3230525082017	85314.94269467544	14251.561448064776	464953.6638586587	429.54868148764734
1407.5085417412495	84033.07630867914	14101.653112242844	450614.55110915017	424.9128469416099
1400.6940309742972	82561.3475945044	13915.488141150498	432522.5760526449	421.52136077564654
1393.879520207345	81876.6923521448	13789.874839141183	421025.1705824418	410.9211194205376
1387.0650094403927	81116.71810069757	13593.955872695848	416360.83057563234	402.8203065086061
1380.2504986734405	79816.47224207857	13463.619561615678	407553.2961860628	402.8203065086061
1373.4359879064882	77960.4235433325	13328.322305170444	406228.21837241837	398.1797984610703
1366.621477139536	76808.31682282583	13177.40009485338	389974.2759973794	393.3059322274298
1359.8069663725837	75777.40088393919	13084.349875756945	378901.0732637495	392.00548371601747
1352.9924556056314	75084.15159327026	13000.602847028375	370633.6381075511	387.8876840649697
1346.1779448386792	74567.26784640743	12834.04349081246	367921.6461426792	379.129456269317
1339.363434071727	73135.80686420262	12704.855183843345	360645.8829442009	376.6097921065582
