	Bayesian Skyline: ref_25_rpoB_AQT_combined.log			
Time	Mean	Median	Upper	Lower
2010.0	398373.5560279287	252323.64250504828	1507235.5163246745	83252.81768886144
1911.4210830195816	386751.3962915232	249299.73414602215	1434762.7399974784	83503.92030066764
1812.8421660391632	337639.1396053377	230283.0142844774	1201610.4050099168	71182.01213516158
1714.2632490587448	185957.39697100487	124905.52067014578	700880.6426844042	25515.913767978564
1615.6843320783264	186117.13823663705	147931.70337096605	558928.844527239	42881.518544868086
1517.105415097908	352393.2293244328	263781.1197167116	1109800.3285848452	73531.43312484938
1418.5264981174896	570739.6235876664	459673.09725753526	1600362.996465673	112234.93231195636
1319.9475811370712	768702.1763460535	669329.9008316236	1963782.1185594157	158711.50505624796
1221.3686641566528	921477.4276162691	819390.4068653536	2257880.696406213	212468.62898949094
1122.7897471762344	1034811.6530136847	920554.0150010312	2475882.9992373805	268519.09236413054
1024.210830195816	1116976.2122720047	992298.8535036182	2637900.221673698	323877.1972917727
925.6319132153976	1182166.6779113293	1046925.63347796	2780135.993612355	368861.8553499257
827.0529962349792	1234426.1381490857	1089705.1486892593	2895839.1032756725	406268.0996643482
728.4740792545608	1277652.8961497108	1125225.277449293	3009426.215911954	434744.9530983618
629.8951622741424	1312930.2527929354	1156284.7482501224	3090147.4972530664	455011.99953327014
531.316245293724	1341491.7622335302	1179684.6104872262	3157835.2324705105	470192.3980727027
432.7373283133056	1367563.4475673456	1200397.1803950535	3247376.269448006	481445.1626878874
334.1584113328872	1389688.6671062298	1218878.4790129834	3310509.7054400854	487722.4865859613
235.57949435246883	1407420.19096557	1232680.215695183	3373382.78362882	490967.0328725889
137.00057737205043	1423661.7156761566	1245570.230291235	3423441.1962164203	491130.8603937328
38.421660391632045	1436104.377590085	1255353.4111515963	3461466.923372365	487088.68959798454
-60.15725658878634	1445815.9900290468	1262875.6069694203	3494821.0100405095	480631.54766139307
-158.7361735692047	1453859.0100358268	1268490.6261706736	3538106.2960633803	468747.15138358215
-257.3150905496231	1461697.8497986046	1274388.4372771287	3577251.0981652075	457556.4858955802
-355.8940075300415	1466200.8646126294	1277633.206625401	3615260.4977819542	439858.09872398654
-454.4729245104599	1470679.6161396324	1280734.5925812763	3637115.3393313116	420170.0915496004
-553.0518414908782	1472784.9123978035	1282089.90829201	3667670.8584596524	395204.2474983916
-651.6307584712966	1474158.09553413	1283126.3049596425	3699129.036725149	370006.08970063925
-750.209675451715	1473339.568699518	1282673.60718682	3721354.1602989654	342259.52117532195
-848.7885924321334	1469997.5563348795	1279838.620353728	3733460.138139087	315006.7171329927
-947.3675094125518	1467854.560733201	1278838.9493458557	3757985.1525835698	289139.8376177258
-1045.9464263929701	1463277.0127055955	1275456.225928308	3776990.3535783105	267843.99546041805
-1144.5253433733885	1457302.004694226	1270398.1197010851	3794030.2578848223	247219.2043616772
-1243.104260353807	1449441.0652556254	1264502.5418626256	3805815.6820776146	231729.38519980095
-1341.6831773342253	1441395.405529958	1256932.6881806238	3814685.661859701	218326.02224731754
-1440.2620943146437	1432560.241086484	1248640.452836687	3832728.5867477586	206298.5229534998
-1538.8410112950621	1421606.857556279	1238421.6854295253	3843409.7423414686	197136.0126802909
-1637.4199282754805	1410928.694303794	1228539.8651944897	3855446.2789891786	188945.89470605325
-1735.998845255899	1397977.9107872143	1215090.7505628637	3861021.30207691	183344.5486321497
-1834.5777622363173	1385704.7744739023	1202188.4494567313	3869509.3431179887	178257.49073666058
-1933.1566792167357	1370156.0581340222	1186409.7790756354	3870282.781829724	172562.16372109813
-2031.735596197154	1354951.0429543979	1169294.1564708916	3868751.652985582	166756.4829003029
-2130.3145131775723	1339494.7434772456	1150160.139871041	3883921.089117873	162243.93767428753
-2228.8934301579907	1322751.3680989332	1129608.2043971627	3877179.1875735465	158687.53194581388
-2327.472347138409	1304920.6187012326	1106869.8930796804	3873729.6957314517	154344.38419760703
-2426.0512641188275	1287166.2598325962	1081651.369750528	3872283.5861379923	150311.3629163541
-2524.630181099246	1269127.4096993557	1053955.0490682211	3864141.373671802	146755.23402277785
-2623.2090980796643	1251053.2682232456	1025527.5982341507	3860767.570174593	143880.9892461251
-2721.7880150600827	1233613.0683445737	996380.2119920732	3861105.018353619	140275.44779217555
-2820.366932040501	1215013.9825956388	964059.6122802508	3849802.0036159554	135528.20735349573
-2918.9458490209195	1195791.6700968079	929952.2344776968	3846501.806321276	131807.008028442
-3017.524766001338	1177367.68259351	894467.1596055235	3839088.767368879	128665.14804062567
-3116.1036829817563	1159400.2693996537	858210.4779828024	3825291.755980197	124625.04008804771
-3214.6825999621747	1140570.7971856452	822126.2218957801	3824362.0459314086	120730.186355579
-3313.261516942593	1122413.0564908092	788523.29504452	3818219.9893666115	117411.09583758254
-3411.8404339230115	1103780.5231158931	755590.7889855816	3806530.2067582677	113107.61898802304
-3510.41935090343	1085383.680930748	724675.3065659845	3786667.0276106214	108287.2685612363
-3608.9982678838483	1067569.2494518394	695678.4522501944	3776516.4556083432	104011.21400762751
-3707.5771848642667	1050367.034199327	671129.334727866	3761020.5245754877	98578.41926982562
-3806.156101844685	1033050.0634007752	648827.6326837869	3745023.094162688	95267.34544452537
-3904.7350188251035	1015526.0453849151	627892.9299179595	3734724.4971155417	89964.73567110591
-4003.313935805522	997485.5855672625	610215.9183646562	3715366.533047846	85592.91597960485
-4101.89285278594	980476.7568901944	593698.0197202315	3685262.2846835586	79899.1503542238
-4200.471769766358	963901.1663220808	578248.7666675845	3668933.1646010824	75467.4477159117
-4299.050686746777	947297.5726548213	565428.1711947614	3643865.3172419653	71243.31284435707
-4397.629603727195	931422.0453364609	553737.2841084898	3630950.868860076	67229.90301814624
-4496.208520707613	916753.107157428	544073.7663537073	3608794.8824140374	63917.45614879786
-4594.787437688032	900782.2809155675	533943.0961893296	3590535.967663352	59829.40147750393
-4693.36635466845	886128.637015586	524762.5234996844	3574727.2930114754	56719.21025659522
-4791.945271648869	870986.0979078851	516252.7060394358	3550229.3649871526	53634.345590113095
-4890.524188629287	856917.8635831753	508533.73882717127	3534655.7184607433	51384.13444951749
-4989.103105609705	842569.3026946913	501249.9035243537	3519558.933114045	48617.050813564485
-5087.682022590124	827894.6419158851	494651.7272650481	3491194.7354292185	46089.1295470693
-5186.260939570542	815225.2934488539	487957.37154049746	3469827.3636425277	43579.7460250747
-5284.839856550961	800949.8152123444	481767.8217203302	3446968.059886045	41108.78048437348
-5383.418773531379	787414.2253198468	475237.5011883567	3426016.8256826513	38681.857354398446
-5481.997690511797	774439.5483347456	469542.41612268204	3397977.5757189854	36815.89186904555
-5580.576607492216	762650.1591757706	463518.2581193846	3376821.3913885206	35129.50591345946
-5679.155524472634	750470.3435527097	457989.5179467652	3351926.9948022924	32906.76585709303
-5777.734441453053	736762.7957710186	451544.93993750034	3311209.4305275176	31105.99966700236
-5876.313358433471	724729.3099996678	445825.99546287046	3279371.804831585	29182.696816911484
-5974.892275413889	712850.6880719454	440049.7600848076	3245089.693725655	27504.28035689172
-6073.471192394308	701570.1416996751	434307.93142267416	3217335.2308767107	25120.251728658663
-6172.050109374726	690990.7160899112	429311.75817624625	3187938.300424272	23671.957508914762
-6270.629026355145	679771.3240133531	423606.92638605396	3162883.8947421894	22026.35126481195
-6369.207943335563	668642.8980566672	418174.5900180849	3125587.6930573797	20456.331069238448
-6467.786860315981	657825.5264330937	411819.40596463403	3096652.6265823254	18917.16924628623
-6566.3657772964	647669.3203044556	405433.61056977534	3072221.6120119304	17447.154137076883
-6664.944694276818	636669.4727885682	398685.64993062324	3043135.8305469467	15652.564002345067
-6763.523611257237	626799.2277205682	392659.1714494049	3009712.015046512	14193.047584929833
-6862.102528237655	616873.1898365697	386005.1303328736	2982349.2945797723	13107.75885304002
-6960.681445218073	607059.2553037055	379235.8835519617	2951181.1158387684	11821.344554264399
-7059.260362198492	597587.6656838258	372277.22356784536	2920670.81611051	10677.81466988908
-7157.83927917891	587470.7783474034	365095.0784745675	2881740.166963586	9556.17895090337
-7256.4181961593285	578624.6485369911	357853.7974894397	2840471.5982489046	8586.915943648535
-7354.997113139747	569311.9392095376	350835.6564484495	2808835.4980040016	7817.6979661789655
-7453.576030120165	560331.4733114174	343087.78063020227	2771529.735295652	7120.335318356788
-7552.154947100584	551719.7845728917	335529.9694653895	2743824.103724388	6503.114635507767
-7650.733864081002	542619.4053742754	327376.0715176543	2693056.072789453	5919.987158517272
-7749.3127810614205	534294.8309700656	320104.29132663197	2666095.469390758	5467.090300212334
